1770787
926282
1084869
1158449
1404123
1604028
34782
927003
1347858
2488
1459417
1673985
910638
1776661
66740
1744494
1650648
1501756
1785173
868857
1023731
1636282
1551986
738214
1555279
1337553
1580808
40888
824142
1368622
1750
1754170
1800
874761
1551152
1789029
1018840
1822523
815094
1004434
771497
1608390
934549
4977
1817358
880266
1520697
8504
1070494
1098972
899629
1090872
1698991
1749704
727207
1831097
78749
1467373
1439222
712034
1423689
1481646
917251
1472595
1487712
1138723
2969
935036
894081
1557746
1086222
718877
1517022
1144215
1744659
1672013
1722271
1522860
1584754
1725255
1711933
1478320
897077
1468328
1459200
1720580
766421
1670541
819793
796343
915913
1703056
1646972
730464
1322505
1675149
1018724
1341235
874501
1653087
1280263
903419
1411579
1545654
1514991
3499
1748790
1035443
1062579
896262
1097149
1734342
1832466
4457
1799448
1002910
1529274
1488139
1520262
799850
1564824
6201
775368
1500217
1018963
1062231
1642081
1283630
1362468
919012
1579241
4904
866291
1039828
66756
4962
1101215
1042046
352541
1568162
46129
1562401
1411207
5272
1737287
741516
1754068
1801075
1124804
1808997
899051
1201792
40729
713425
1178670
1056903
1387467
880807
1652044
1053507
1652044
5981
1350653
1410636
1626199
1393584
1759824
794619
1455863
1701732
820027
1689923
351569
1702780
1018979
1326190
1140859
778164
1037868
1374535
318154
764180
1178879
1692787
1047127
1810182
1015383
1823608
1142750
1591588
1723128
1297184
947484
820313
1037676
1411906
7084
1365916
1389050
6281
1558583
1540755
1790982
1370053
1739445
1314052
1768224
821026
1724521
1275187
1787306
1601485
1023024
1437402
898437
1080709
1043219
1529377
1528115
1176948
1013462
100591
1016169
1091748
1304492
1596532
1623925
1823794
1433270
1736946
1156039
1569187
315293
1428205
1841666
7431
1820877
1820721
922864
7536
1492422
717538
1796209
879407
6845
863110
1467760
354190
1411494
1517302
1083446
1655759
1433195
1477720
1807707
1144980
1441683
876378
1418121
890564
320193
1232582
109563
1674862
6951
1145986
1801777
929940
1697532
926617
1735803
1591587
896622
7789
1521332
1642122
719135
1267238
1603978
1273813
1584509
792987
1253986
8063
1447028
894405
732717
1604464
1603756
1593899
1299709
1757715
1579428
1527469
1051627
1300699
8947
1368148
1464790
1620463
1278027
1666138
1630805
1461755
9092
883948
1701605
1464343
9326
1135185
9389
1751143
1747079
1650372
1169770
731802
760498
879585
890541
1420520
1488039
1514416
1532346
1746109
1323885
70858
701288
46195
1067837
1403475
769397
1653242
8670
1390777
350698
1569650
866787
1504008
1348036
946673
915912
743367
1634997
1634117
1606498
9984
1722482
902791
1418100
10329
1832332
10456
8818
1124941
1377789
1398805
704562
1745999
896841
1818093
1599901
915840
1122976
10795
723612
886158
104918
913142
1762303
1772016
8858
863436
1681087
1576169
1616862
1031308
1113232
1689657
1214816
11544
805928
1069183
1108134
1705873
1378992
1075531
764478
1610250
1655210
1443646
1677940
908255
1094831
949870
1156388
1494582
768835
1626450
1037540
1726173
885725
1786352
1073349
1826892
1372612
882796
906553
1103021
746598
1439725
1574085
875045
790816
1689813
1743881
834365
1341317
1048477
1745797
1840439
1437578
1411690
1313275
12208
1685040
842023
1748824
1665988
1717547
1720893
1734713
1013488
703351
1531152
78890
1701541
14272
1130464
1525221
1627014
1581068
1280058
1730168
1666134
1784797
1364742
1383312
1061630
1424182
1429764
1332349
12659
1788348
1664703
1546417
1791863
1068875
1049782
1589526
748592
842717
933974
1293971
79282
315858
1301787
1597264
1781755
12927
14846
1328581
1109354
875357
14930
1641281
802681
1774155
1346830
885245
1213037
1316835
721371
1144519
1180145
1579298
1666071
1624322
1217234
1804176
1590717
1486957
1494259
1702750
790051
1354866
1759008
1043277
1527166
1577526
1170010
1662579
815097
1632127
1378950
16040
17843
1016281
16058
1783180
1699136
809248
1299939
1683606
813672
1829576
727273
1060822
1590895
1690820
1504379
1333835
911177
730255
726958
1133470
1598674
14707
708781
1609253
1069530
1035201
1447362
1406666
1433714
837465
1596783
928022
1369568
16160
1341141
1738177
18230
711772
861842
750686
18255
906345
278166
16732
944148
1669779
1374310
1704720
1138118
1750153
1473844
896429
1609702
1419536
1402057
726601
3197
927628
1306830
1490906
1603454
1530721
744218
1676479
725363
1341766
1071739
896159
1658566
313927
1130310
20212
798359
1524931
887733
936395
887733
1739940
701347
1065059
1262976
949157
20286
911147
1385280
1576940
723254
1091883
1768267
772406
1805387
858877
1725057
1171825
804753
1318484
1827090
831001
1020214
1506251
1173489
810958
1324404
759944
1723089
24090
1756497
877890
1169652
726854
1777393
1593222
1100682
944745
892553
1764046
1091667
913277
830524
1368265
1476045
822818
887596
827876
1517175
1334978
1364954
796505
19584
1285550
1340652
1441236
1627223
3570
1567683
895126
1822791
19745
764065
93410
1649096
1679063
21076
897429
1041859
1477333
1409493
1466301
1117480
1102934
1435049
1156375
1058090
811156
1046311
21175
1386570
736772
1224608
1163165
1070412
1047862
1437958
1710366
21344
1304421
317540
16918
1200375
1659352
1563411
215466
1718227
1622229
1071993
1158324
732834
851205
711404
1058290
1320461
1284812
1345105
21510
900075
1512762
1088856
21535
1070985
1420800
21665
1707178
1267565
1490892
887343
1410098
1723596
883902
1252849
1050797
24741
1005229
860546
1166691
1743759
28412
1755672
1035983
1662774
22356
874866
22444
1503584
1290900
1057352
1517228
909832
723188
1024305
1108109
1385867
1631569
1651562
350852
25232
1169561
1227654
928658
1169445
1752836
1049606
1466538
1158172
1053706
23194
1067294
23197
25445
23217
1803599
885550
1703956
1677703
1658247
816956
1334036
712771
1141103
1223389
1458412
1535527
1585583
1051470
1694426
1219601
1571996
784199
27904
1124524
27996
1005757
1714899
1624794
945764
277948
852772
23795
818479
26058
1651944
1298675
1807120
1645460
1319947
39263
1754820
1789972
1090012
26172
1093557
1809122
1331284
1776909
909108
1108205
1711291
1539838
26324
1298946
1628369
1399529
1709682
1089063
1488813
28823
1162461
854775
354647
1438231
1376139
1725134
64803
1297996
1042074
317788
1553023
1679688
1061983
1582961
1501989
28917
1175151
846617
882184
49754
783412
29002
915779
1393612
26780
1437107
313616
1437107
1779020
1001082
940944
1744489
1533998
1831617
916540
1075415
1642453
34067
1561550
1261333
1724570
1308547
1525769
29534
927066
935703
1654151
715957
910521
1286681
315189
1505952
915389
29644
31235
800457
1551182
29669
1065088
1669811
814549
1792789
1596993
1415404
868780
31462
1819928
1096752
1287213
1710072
1364250
827052
29905
1650664
1751788
1099800
1772757
1066194
1042893
1333493
1175483
1305253
1804745
1606366
1467623
1739104
915778
1707753
936340
712515
1160951
1590714
1835256
1411342
30305
105634
1326160
808326
783280
1579214
1649744
1367644
1799208
32604
1666700
1541401
1082038
1379041
1688568
1177648
1020710
785161
67215
1084961
1773383
850460
1029142
1593034
1818794
1632790
826675
1385849
1101680
1421517
1600033
6955
1800347
1289308
1050441
33002
1322439
1529864
918646
1463101
827871
1164863
1719395
1125376
10254
1363829
1069157
1101302
1622194
65984
1810546
1018399
49600
1025835
1109116
1109357
1337619
1297989
1757073
821189
1495932
1805077
1324424
1352010
746515
1571498
851520
1022408
1289490
1045450
33213
1078271
33185
34088
1101239
1314102
1333986
876523
1747009
37808
1227500
1048695
803649
1408710
895417
1326801
906107
1013237
922621
814547
1532981
1703785
33488
709337
866706
1591670
1434868
917491
1829966
815556
1448893
1517413
1728951
1434316
78128
1753162
920522
1649749
845877
1370637
34903
1029199
277509
1694665
1056288
1475115
1048911
1437352
35214
1360901
921299
1095073
1098151
1711269
1136893
1318568
1534992
1640428
35527
72741
1828937
1559865
862831
65312
1733257
1704596
1628908
1472787
1570562
811589
1604643
1057706
1124140
947559
1274737
939767
314489
1678463
798941
1262039
712537
1659166
859070
1429260
708955
1519751
36029
912728
714562
883569
1413837
1650132
36377
1754301
36966
1754301
921825
1424929
1562463
1528930
860413
886206
740663
38725
712534
38777
700565
1031316
702325
1132979
831259
1274494
1703647
840489
1047340
1031296
1611647
798354
1727263
1720990
1670076
1177609
913290
1275168
844059
1288847
1530249
1033012
1828161
1175454
887936
1529463
37472
1484769
1507079
886128
1128928
1680581
30625
1674930
1460329
891482
1162194
39368
1124198
700564
923139
1704711
37785
1337298
1331875
1560241
1651052
1060349
1822462
1326380
850209
1575965
37996
1799332
1406587
1579684
1829280
39911
1538927
1121788
1039399
749251
1023313
1718512
1419041
821002
1517006
1726978
40211
1500435
1819796
42682
1644440
1728117
1816736
1326200
1474735
42888
40533
931148
40545
104889
40704
277135
1467858
1434588
1733294
861459
18498
1703644
1355848
1408075
1398659
43196
355811
1614806
903129
1372020
40987
854560
1276520
1613665
923796
1373670
714395
1386278
886744
1309402
1052752
1419275
1392380
923120
912562
1282977
882095
1743745
868671
1385613
1234006
1712923
1495240
1799788
41719
43920
1192448
1629137
1743725
945114
50725
1533615
1656634
1526113
1771515
1123360
1031203
1434728
1490281
1366868
1604868
1557860
109657
320335
1682325
1237831
1058867
1609711
1576280
1537054
912463
1808220
1528396
1207179
1600438
1071255
1339605
1768012
313143
886982
910406
42582
1708176
45012
1180262
1159036
1364479
1709164
1053352
1433642
1403431
750577
1046025
1359841
1598665
722723
1109242
818033
1561894
1063344
944695
47111
1769617
1038133
793952
4447
851310
1645590
1802665
717605
1708493
1680873
45876
1017480
874766
1792849
1123494
921082
46080
1417398
216085
47518
354707
1265131
1172222
1674168
46250
1585689
858655
1834622
1140102
775215
48287
48039
860730
859737
1400810
1436425
1636422
1331520
899749
354950
731012
1830197
1360604
1518715
1428336
1538263
765880
1661998
1095565
1530979
799233
773840
920112
1077688
719413
1760542
1128361
46619
850141
1066605
706129
916789
1492426
1024795
48465
866829
1070750
46765
1644406
1567345
1580156
779152
1302215
1000228
357294
1390162
1114995
1498828
1531048
4281
879169
47217
1036044
940942
701869
48898
1466085
1404655
39311
1482512
1564618
49071
776901
1293310
1037390
728535
1717307
49196
1138639
1501585
1113148
1307954
1652362
1289848
1337013
1468174
1699150
1695295
1653477
1759631
50493
1713832
1046257
1173514
1739614
1728688
1054905
1745041
1834376
1800227
1677576
1720420
1080014
1420720
1294133
749660
720154
1362004
1652535
1055726
883984
1693011
1057877
1022652
837852
932696
1676725
1104506
832101
1000753
874716
1609550
1005731
1580905
1048268
764401
1496323
1789769
1400891
1145197
1598014
1114483
820318
917520
1835579
50863
49826
320340
1110803
1652130
921582
822663
1280776
1381197
1326110
1270073
855654
1571949
1764013
1405495
1445499
715787
51143
1158463
1619762
1800667
1683695
1834585
51434
1433660
1679049
200406
51644
833444
1271214
788329
315709
1612630
51253
1037976
1567514
1640455
1421461
19617
896878
1043604
1035267
886346
742112
914208
811596
1437071
1479419
1594012
1751299
720858
1348911
1501134
54381
1687229
54480
874015
1395942
1425205
1758021
1111928
1771917
1478242
1503802
1325618
795266
1388658
1357615
1418819
1617242
1159167
55067
1020569
55135
1446847
860748
1095651
1434647
1808865
55242
350868
1408100
780571
1664710
216228
1418135
1410939
91576
785956
1601046
91419
1645666
930420
898293
1025996
807882
1606757
52988
55772
1620459
55785
1721947
879101
1274173
1506307
1232524
1730430
1689796
1797768
96223
1669162
1674335
56047
1056285
1001250
1286043
912766
1404912
703604
1631596
1311370
319201
1721741
1492691
763744
842162
1587523
1436208
1468748
58492
885639
1336920
1760965
1158895
771266
1691421
1315257
1409970
56679
1434621
1509991
920760
1637459
1321646
1069202
1069258
1821806
56873
1062822
1741830
910108
1257640
1580670
1711279
1303313
56978
1560385
1422143
1560385
1772177
1611983
1007587
1611983
1815442
1560385
1560385
202058
1712184
920148
1712184
1577670
1694028
1650696
1560385
846901
1560385
721994
1606745
707549
944314
1090425
874396
1679273
886163
57515
59478
1005286
1391127
1785345
1342423
799288
59527
1721386
59558
853816
1512499
1521036
836157
1528129
876343
1300514
1833197
855658
1235468
57131
1023128
889331
899460
1639691
871763
1335258
892537
1462120
1507605
1742924
101778
1102993
1510295
733269
1823239
1578732
1065696
62234
936468
1129155
60086
1057060
1267813
1759546
1096343
60519
1278021
1701758
1260968
60667
1048286
1397911
1524358
887905
1441693
1397187
62709
1396033
799167
18926
916076
1633978
1835632
62996
1239819
937556
1475348
893691
1096056
15615
1141391
1759509
1638290
1489393
1520006
36270
891103
799292
1104657
1053584
866273
912242
3453
924901
63276
1493594
63296
1845290
1121142
1125345
794367
1032220
1795250
1288469
1636519
1766368
1157601
814585
19411
1783317
1690585
63754
1595974
63908
1698990
752714
1412100
927653
1590976
773141
1056696
61986
67716
1376339
1402479
1813814
1818383
891014
1287865
1576263
910329
1759425
893949
1668397
1802974
1613103
1436126
1262104
807863
1735438
1049502
1042729
1118417
1629019
1682852
310158
67347
64996
1220754
1049521
1596967
65011
851968
1183765
794172
1179929
856982
24545
833079
1739936
1113256
907242
1442836
1103982
810332
1273931
724004
1441816
907471
67625
65270
1280452
1099219
876427
1747068
865752
1819035
1643615
1476034
1059556
1037646
1055160
895421
1161728
1289419
876437
1679363
789570
1285785
835011
918251
827054
68505
723125
72573
789019
1801368
1050446
933136
65770
1439095
879635
66570
912595
1003078
769520
1408198
66004
1466026
89439
1412665
1350593
924822
1793229
1644675
717423
1573516
914475
1680048
1227636
1277902
1528287
69488
1444380
700923
1749723
899923
356309
1163739
1448056
1401708
1556593
1566469
69633
910073
1120193
1273685
1604821
71691
69733
1579823
1475841
814453
69891
1690680
1377630
1282637
1698514
1164727
877860
71829
1047335
1564708
935494
1564708
80172
1538210
70487
1620393
751364
1142417
1618563
753308
1710155
708818
1635984
1688476
70145
1426332
1547459
1681206
275053
1174850
878526
1492633
1078207
320187
1593538
1731289
1111711
790359
1787400
1566895
72162
70866
1124796
1296435
1547903
906709
918541
1258602
1275158
1821349
1000177
711377
72331
1077183
72333
1404644
702165
1227025
1104485
1002047
73124
1065280
1493225
1122904
1163370
1078075
1133421
1798100
1471265
1733998
1317945
1001385
888491
73088
1285819
849399
926326
1513761
29989
1021860
1097864
1173420
1110611
1076930
1642380
1000694
1671818
1645113
1260990
1599617
1587732
1013871
1399520
1021561
712770
1002517
1584207
73309
1039684
1549595
1044777
1618732
1758488
1142596
1772921
1811063
704532
1532961
1136174
724910
1327688
1720635
1806201
1045810
1801169
906163
944809
1413447
1538716
898173
791963
1564406
1448431
1486159
1014739
797468
1341439
73756
1176309
1004702
1116463
1372299
1393434
1518621
873860
1661181
1456772
1821825
1030469
1796280
1021635
1516912
812074
1609804
74046
1296445
1121484
826154
1660134
1828443
878927
884624
707179
1425450
74260
775158
357173
1039065
1750284
1781335
74303
1466593
1639300
1816581
917470
1579877
1649989
1064728
1484612
1050743
1130713
1474098
1792580
1013857
75252
1639825
1370946
921738
75288
1720725
1766400
798287
1745916
75362
1464423
1299130
1019849
1028918
77360
1396814
1321732
75677
318300
1527508
1056943
1102112
1378946
1720821
77476
1568100
1046568
1321655
1085869
1327567
1618673
1761312
31791
901491
1526243
821483
1585364
708821
1527753
1605607
1826470
1178711
1668673
76267
1040130
1617406
78003
805676
1004980
76282
1354327
76334
1783183
275880
1069899
1592058
1413329
1787297
1534701
76605
810136
891024
1412408
889900
1574540
1624326
1042776
1819881
802481
723531
1679826
1590955
1115055
1591698
764622
1633917
1506293
1833835
1769663
1534504
1038357
1050377
1230245
1691337
78814
77877
1626115
1120914
1637207
914025
1759655
1593548
1127703
1828016
80424
1803914
1808834
785786
876167
1746473
80661
1093691
1551306
1515816
1045609
1699382
1718852
713676
1108426
1680247
931015
1392972
866028
945841
1068851
763901
1377121
1784535
1559053
1095435
1443669
784977
1695357
1661460
1778784
1530950
1178970
1759774
1137774
1338749
866368
80420
857005
833640
1070081
1793294
1393311
79879
788784
922224
1127537
1625101
1185348
822416
1401667
1689548
1474432
1356090
276720
1357874
1830033
1481832
1643953
1492165
78239
80035
1399249
1678660
1410384
946647
906465
1577916
1015820
1295947
1604778
1113169
1041803
81362
1475922
804328
1325670
1107843
884713
1423221
1361538
1050915
1126328
1503274
1653558
709283
1811414
1812364
1022079
861884
353569
1606440
1117297
1553643
1596946
913144
1115128
715072
1355096
1637715
1810019
1463258
890926
933036
1171155
834285
1810739
1720592
1428522
730272
790526
1737953
1713863
921557
1724979
1060391
1037038
1740332
917273
943819
315852
1084765
1712463
1407623
1560327
1673772
1735184
82166
946563
720005
1687221
52827
1479290
1597672
887921
101829
1628171
1499422
1746618
1324948
744187
935419
1571283
1581091
1527590
1786431
1398987
1528849
726728
1649904
1358762
1708055
1601830
1034842
1071236
1001614
1171759
1635282
1653653
1384905
1382821
1167419
930236
84129
84246
910606
1511337
872589
1644378
1590877
315213
1519401
1805284
1281761
1281895
716643
1024478
898174
895456
1697851
84748
1428439
316709
84839
1000623
1757932
1571123
882835
750004
745732
1483934
884887
825542
85535
832428
1802768
1403256
742278
88121
110621
730708
842183
1060736
1709401
1012100
1012019
1637761
1012019
1564902
1793659
1468666
1324272
1017491
85961
1726445
1481582
350894
1040829
1693256
64040
1320414
719220
1453687
1492298
230557
1597033
1794783
1434754
1032208
1688852
88941
1172052
88948
1597553
1477294
1177702
1829802
1627857
1616543
1108524
310142
1368458
1609809
1770121
1628063
812128
89089
824410
945394
880117
1373715
1001233
1430723
897723
1485003
1580608
1289877
885740
1620533
873303
898770
907254
1680367
1034054
354963
918965
89800
87347
1762322
1692063
1794669
912603
1831651
1727196
1642545
866729
895447
1490978
1351636
1549346
1707502
1459839
1548187
1551693
1043509
1130144
91767
1010086
1314727
1821323
850261
1288784
1822479
832988
91928
1828182
1163668
849869
764038
1038074
92122
1397702
1001838
1671858
1090009
1312109
705432
90498
92380
1063761
1692115
1702744
7332
920371
1059262
1023459
912752
877422
908937
109177
1576018
831547
894315
1701108
1650729
1126956
1451809
1364885
701374
1498710
766829
1499453
1065837
1308606
1801661
1353283
90896
1132105
1819974
1639920
793733
1773427
4127
1517375
1040971
1575515
1683553
827187
1092699
1032033
88205
893538
1641991
1616533
1512673
1038773
1604477
1366561
1402436
91142
745308
1092796
718937
948708
1479094
91440
1640147
310354
1791091
93556
1697500
829224
1739942
1031029
1465128
719739
874977
1710583
93751
93389
817720
1022671
1601712
1050825
1395937
1758766
1610950
94049
1177394
1796022
883241
1289340
18349
861878
1556263
1757898
96021
1070154
1651561
874238
1027838
913241
946581
94344
1827506
916907
1584751
720672
1724965
1576942
1438133
835324
899715
1623526
1116132
1745431
1389170
1753886
27419
1043337
1712189
913760
1819790
1538990
1741231
1013934
1562476
1157408
1806310
310764
1750019
95029
318833
811808
1293282
1497645
911971
1621563
1419945
1599298
39899
1643269
96869
912593
1477449
1743907
1094285
1514705
96943
1772695
1051512
867773
61398
1469367
320121
1295810
1206264
1375365
1660280
95574
70318
1356576
97134
1718108
1024725
1638833
816761
924717
97210
1382101
1283699
97216
1630472
1428875
1455684
1831363
916365
1476150
1758730
1318605
1466258
831641
99302
844965
1260221
1077428
97476
1756262
1811074
1552033
1289460
1361658
1413159
1378453
217346
86312
1381668
1438533
1001316
1630627
1821393
1801754
1782754
850429
1295401
1320695
1393818
1429560
1411688
1069878
765207
1561680
1057379
356171
800240
1573221
842633
743238
864749
1671933
937098
25743
99780
1583107
1519061
97745
1526520
1489096
1171662
730263
1380846
1556739
1660734
98222
1539638
1524025
1021162
98362
1530804
1598428
768899
1393726
1327318
899751
92230
1409171
1371285
704415
357301
109198
36146
794170
1013880
1005817
1116942
1430306
909494
98677
1008654
1633931
1290677
1595893
737758
1493761
1823593
77543
102212
1447669
5513
1581280
1505155
1418091
1647639
1465740
1627475
860731
1334933
100493
1611547
821130
912615
82020
1375205
923571
1668243
1543151
1029800
1511737
36104
74208
912767
1783400
914156
1665918
884614
885978
1403568
1524741
1275014
896264
1515673
706698
101382
729986
752642
1739566
1077771
1783398
1336917
812011
1336917
1035002
100726
59255
717954
714310
100885
102729
746838
717720
100517
1674910
857855
1347178
101199
1253176
1401521
1681622
1020859
1361113
1090727
72444
1067701
1649094
1163302
764195
1082554
59440
731766
1601548
1620280
103145
755001
1393052
1810806
1692376
1494319
1745317
102037
740260
1005284
1495320
101984
1384101
798783
1526119
352915
891166
887359
1308208
1166388
1014473
1817229
1442145
899689
1501570
807707
1599489
1535929
1615165
1580864
732712
102752
1682745
1396009
1660334
1463972
1421182
1288403
875320
1025378
1674101
879526
863894
943452
103379
1618921
813828
1497770
813828
104169
884219
1691303
1828791
936528
797721
104894
1792044
737468
912093
823768
1705696
1000697
751978
1569994
1729149
1811856
105016
1597313
795403
1607678
1631574
103595
1616707
1837686
105132
1796129
801337
783325
1706431
1061027
105418
1706946
1650962
1082324
72971
1592386
766704
883237
30697
1403161
1785530
103730
793074
1487952
203596
1616318
929008
1411685
1166928
1111335
105770
1692819
311094
1579733
1212545
1713952
106040
1124610
1365135
1129260
1262823
1272830
1732845
1786842
1309108
106535
1614178
106640
108985
776867
1041061
1175535
1673358
1255474
877212
1753706
1463172
1701051
1725160
1617640
1370450
1617640
107263
1136869
719955
109380
1018164
1107421
1140536
855612
1647088
1555280
1636222
1375151
908315
1585521
107687
1713683
1015328
1318008
880631
1423774
1576789
1645842
110471
846475
108312
1439404
1327811
1425287
1445305
108385
789460
108516
828944
105319
1091907
1722684
1174922
1626878
72903
1326732
1616000
1770450
743988
1772720
791908
1767258
1803696
1166003
1524472
716006
1345016
1670592
1722964
