1770787
855654
1571949
1764013
1405495
1445499
715787
51143
1158463
1619762
1800667
1683695
1834585
51434
1433660
1679049
200406
51644
833444
1271214
788329
315709
1612630
51253
1037976
1567514
1640455
1421461
19617
896878
1043604
1035267
886346
742112
914208
811596
1437071
1479419
1594012
1751299
720858
1348911
1501134
54381
1687229
54480
874015
1395942
1425205
1758021
1111928
1771917
1478242
1503802
1325618
795266
1388658
1357615
1418819
1617242
1159167
55067
1020569
55135
1446847
860748
1095651
1434647
1808865
55242
350868
1408100
780571
1664710
216228
1418135
1410939
91576
785956
1601046
91419
1645666
930420
898293
1025996
807882
1606757
52988
55772
1620459
55785
1721947
879101
1274173
1506307
1232524
1730430
1689796
1797768
96223
1669162
1674335
56047
1056285
1001250
1286043
912766
1404912
703604
1631596
1311370
319201
1721741
1492691
763744
842162
1587523
1436208
1468748
58492
885639
1336920
1760965
1158895
771266
1691421
1315257
1409970
56679
1434621
1509991
920760
1637459
1321646
1069202
1069258
1821806
56873
1062822
1741830
910108
1257640
1580670
1711279
1303313
56978
1560385
1422143
1560385
1772177
1611983
1007587
1611983
1815442
1560385
1560385
202058
1712184
920148
1712184
1577670
1694028
1650696
1560385
846901
1560385
721994
1606745
707549
944314
1090425
874396
1679273
886163
57515
59478
1005286
1391127
1785345
1342423
799288
59527
1721386
59558
853816
1512499
1521036
836157
1528129
876343
1300514
1833197
855658
1235468
57131
1023128
889331
899460
1639691
871763
1335258
892537
1462120
1507605
1742924
101778
1102993
1510295
733269
1823239
1578732
1065696
62234
936468
1129155
60086
1057060
1267813
1759546
1096343
60519
1278021
1701758
1260968
60667
1048286
1397911
1524358
887905
1441693
1397187
62709
1396033
799167
18926
916076
1633978
1835632
62996
1239819
937556
1475348
893691
1096056
15615
1141391
1759509
1638290
1489393
1520006
36270
891103
799292
1104657
1053584
866273
912242
3453
924901
63276
1493594
63296
1845290
1121142
1125345
794367
1032220
1795250
1288469
1636519
1766368
1157601
814585
19411
1783317
1690585
63754
1595974
63908
1698990
752714
1412100
927653
1590976
773141
1056696
61986
67716
1376339
1402479
1813814
1818383
891014
1287865
1576263
910329
1759425
893949
1668397
1802974
1613103
1436126
1262104
807863
1735438
1049502
1042729
1118417
1629019
1682852
310158
67347
64996
1220754
1049521
1596967
65011
851968
1183765
794172
1179929
856982
24545
833079
1739936
1113256
907242
1442836
1103982
810332
1273931
724004
1441816
907471
67625
65270
1280452
1099219
876427
1747068
865752
1819035
1643615
1476034
1059556
1037646
1055160
895421
1161728
1289419
876437
1679363
789570
1285785
835011
918251
827054
68505
723125
72573
789019
1801368
1050446
933136
65770
1439095
879635
66570
912595
1003078
769520
1408198
66004
1466026
89439
1412665
1350593
924822
1793229
1644675
717423
1573516
914475
1680048
1227636
1277902
1528287
69488
1444380
700923
1749723
899923
356309
1163739
1448056
1401708
1556593
1566469
69633
910073
1120193
1273685
1604821
71691
69733
1579823
1475841
814453
69891
1690680
1377630
1282637
1698514
1164727
877860
71829
1047335
1564708
935494
1564708
80172
1538210
70487
1620393
751364
1142417
1618563
753308
1710155
708818
1635984
1688476
70145
1426332
1547459
1681206
275053
1174850
878526
1492633
1078207
320187
1593538
1731289
1111711
790359
1787400
1566895
72162
70866
1124796
1296435
1547903
906709
918541
1258602
1275158
1821349
1000177
711377
72331
1077183
72333
1404644
702165
1227025
1104485
1002047
73124
1065280
1493225
1122904
1163370
1078075
1133421
1798100
1471265
1733998
1317945
1001385
888491
73088
1285819
849399
926326
1513761
29989
1021860
1097864
1173420
1110611
1076930
1642380
1000694
1671818
1645113
1260990
1599617
1587732
1013871
1399520
1021561
712770
1002517
1584207
73309
1039684
1549595
1044777
1618732
1758488
1142596
1772921
1811063
704532
1532961
1136174
724910
1327688
1720635
1806201
1045810
1801169
906163
944809
1413447
1538716
898173
791963
1564406
1448431
1486159
1014739
797468
1341439
73756
1176309
1004702
1116463
1372299
1393434
1518621
873860
1661181
1456772
1821825
1030469
1796280
1021635
1516912
812074
1609804
74046
1296445
1121484
826154
1660134
1828443
878927
884624
707179
1425450
74260
775158
357173
1039065
1750284
1781335
74303
1466593
1639300
1816581
917470
1579877
1649989
1064728
1484612
1050743
1130713
1474098
1792580
1013857
75252
1639825
1370946
921738
75288
1720725
1766400
798287
1745916
75362
1464423
1299130
1019849
1028918
77360
1396814
1321732
75677
318300
1527508
1056943
1102112
1378946
1720821
77476
1568100
1046568
1321655
1085869
1327567
1618673
1761312
31791
901491
1526243
821483
1585364
708821
1527753
1605607
1826470
1178711
1668673
76267
1040130
1617406
78003
805676
1004980
76282
1354327
76334
1783183
275880
1069899
1592058
1413329
1787297
1534701
76605
810136
891024
1412408
889900
1574540
1624326
1042776
1819881
802481
723531
1679826
1590955
1115055
1591698
764622
1633917
1506293
1833835
1769663
1534504
1038357
1050377
1230245
1691337
78814
77877
1626115
1120914
1637207
914025
1759655
1593548
1127703
1828016
80424
1803914
1808834
785786
876167
1746473
80661
1093691
1551306
1515816
1045609
1699382
1718852
713676
1108426
1680247
931015
1392972
866028
945841
1068851
763901
1377121
1784535
1559053
1095435
1443669
784977
1695357
1661460
1778784
1530950
1178970
1759774
1137774
1338749
866368
80420
857005
833640
1070081
1793294
1393311
79879
788784
922224
1127537
1625101
1185348
822416
1401667
1689548
1474432
1356090
276720
1357874
1830033
1481832
1643953
1492165
78239
80035
1399249
1678660
1410384
946647
906465
1577916
1015820
1295947
1604778
1113169
1041803
81362
1475922
804328
1325670
1107843
884713
1423221
1361538
1050915
1126328
1503274
1653558
709283
1811414
1812364
1022079
861884
353569
1606440
1117297
1553643
1596946
913144
1115128
715072
1355096
1637715
1810019
1463258
890926
933036
1171155
834285
1810739
1720592
1428522
730272
790526
1737953
1713863
921557
1724979
1060391
1037038
1740332
917273
943819
315852
1084765
1712463
1407623
1560327
1673772
1735184
82166
946563
720005
1687221
52827
1479290
1597672
887921
101829
1628171
1499422
1746618
1324948
744187
935419
1571283
1581091
1527590
1786431
1398987
1528849
726728
1649904
1358762
1708055
1601830
1034842
1071236
1001614
1171759
1635282
1653653
1384905
1382821
1167419
930236
84129
84246
910606
1511337
872589
1644378
1590877
315213
1519401
1805284
1281761
1281895
716643
1024478
898174
895456
1697851
84748
1428439
316709
84839
1000623
1757932
1571123
882835
750004
745732
1483934
884887
825542
85535
832428
1802768
1403256
742278
88121
110621
730708
842183
1060736
1709401
1012100
1012019
1637761
1012019
1564902
1793659
1468666
1324272
1017491
85961
1726445
1481582
350894
1040829
1693256
64040
1320414
719220
1453687
1492298
230557
1597033
1794783
1434754
1032208
1688852
88941
1172052
88948
1597553
1477294
1177702
1829802
1627857
1616543
1108524
310142
1368458
1609809
1770121
1628063
812128
89089
824410
945394
880117
1373715
1001233
1430723
897723
1485003
1580608
1289877
885740
1620533
873303
898770
907254
1680367
1034054
354963
918965
89800
87347
1762322
1692063
1794669
912603
1831651
1727196
1642545
866729
895447
1490978
1351636
1549346
1707502
1459839
1548187
1551693
1043509
1130144
91767
1010086
1314727
1821323
850261
1288784
1822479
832988
91928
1828182
1163668
849869
764038
1038074
92122
1397702
1001838
1671858
1090009
1312109
705432
90498
92380
1063761
1692115
1702744
7332
920371
1059262
1023459
912752
877422
908937
109177
1576018
831547
894315
1701108
1650729
1126956
1451809
1364885
701374
1498710
766829
1499453
1065837
1308606
1801661
1353283
90896
1132105
1819974
1639920
793733
1773427
4127
1517375
1040971
1575515
1683553
827187
1092699
1032033
88205
893538
1641991
1616533
1512673
1038773
1604477
1366561
1402436
91142
745308
1092796
718937
948708
1479094
91440
1640147
310354
1791091
93556
1697500
829224
1739942
1031029
1465128
719739
874977
1710583
93751
93389
817720
1022671
1601712
1050825
1395937
1758766
1610950
94049
1177394
1796022
883241
1289340
18349
861878
1556263
1757898
96021
1070154
1651561
874238
1027838
913241
946581
94344
1827506
916907
1584751
720672
1724965
1576942
1438133
835324
899715
1623526
1116132
1745431
1389170
1753886
27419
1043337
1712189
913760
1819790
1538990
1741231
1013934
1562476
1157408
1806310
310764
1750019
95029
318833
811808
1293282
1497645
911971
1621563
1419945
1599298
39899
1643269
96869
912593
1477449
1743907
1094285
1514705
96943
1772695
1051512
867773
61398
1469367
320121
1295810
1206264
1375365
1660280
95574
70318
1356576
97134
1718108
1024725
1638833
816761
924717
97210
1382101
1283699
97216
1630472
1428875
1455684
1831363
916365
1476150
1758730
1318605
1466258
831641
99302
844965
1260221
1077428
97476
1756262
1811074
1552033
1289460
1361658
1413159
1378453
217346
86312
1381668
1438533
1001316
1630627
1821393
1801754
1782754
850429
1295401
1320695
1393818
1429560
1411688
1069878
765207
1561680
1057379
356171
800240
1573221
842633
743238
864749
1671933
937098
25743
99780
1583107
1519061
97745
1526520
1489096
1171662
730263
1380846
1556739
1660734
98222
1539638
1524025
1021162
98362
1530804
1598428
768899
1393726
1327318
899751
92230
1409171
1371285
704415
357301
109198
36146
794170
1013880
1005817
1116942
1430306
909494
98677
1008654
1633931
1290677
1595893
737758
1493761
1823593
77543
102212
1447669
5513
1581280
1505155
1418091
1647639
1465740
1627475
860731
1334933
100493
1611547
821130
912615
82020
1375205
923571
1668243
1543151
1029800
1511737
36104
74208
912767
1783400
914156
1665918
884614
885978
1403568
1524741
1275014
896264
1515673
706698
101382
729986
752642
1739566
1077771
1783398
1336917
812011
1336917
1035002
100726
59255
717954
714310
100885
102729
746838
717720
100517
1674910
857855
1347178
101199
1253176
1401521
1681622
1020859
1361113
1090727
72444
1067701
1649094
1163302
764195
1082554
59440
731766
1601548
1620280
103145
755001
1393052
1810806
1692376
1494319
1745317
102037
740260
1005284
1495320
101984
1384101
798783
1526119
352915
891166
887359
1308208
1166388
1014473
1817229
1442145
899689
1501570
807707
1599489
1535929
1615165
1580864
732712
102752
1682745
1396009
1660334
1463972
1421182
1288403
875320
1025378
1674101
879526
863894
943452
103379
1618921
813828
1497770
813828
104169
884219
1691303
1828791
936528
797721
104894
1792044
737468
912093
823768
1705696
1000697
751978
1569994
1729149
1811856
105016
1597313
795403
1607678
1631574
103595
1616707
1837686
105132
1796129
801337
783325
1706431
1061027
105418
1706946
1650962
1082324
72971
1592386
766704
883237
30697
1403161
1785530
103730
793074
1487952
203596
1616318
929008
1411685
1166928
1111335
105770
1692819
311094
1579733
1212545
1713952
106040
1124610
1365135
1129260
1262823
1272830
1732845
1786842
1309108
106535
1614178
106640
108985
776867
1041061
1175535
1673358
1255474
877212
1753706
1463172
1701051
1725160
1617640
1370450
1617640
107263
1136869
719955
109380
1018164
1107421
1140536
855612
1647088
1555280
1636222
1375151
908315
1585521
107687
1713683
1015328
1318008
880631
1423774
1576789
1645842
110471
846475
108312
1439404
1327811
1425287
1445305
108385
789460
108516
828944
105319
1419600
1091907
1722684
1174922
1626878
858470
766701
72903
1326732
1616000
1770450
743988
1764925
1708035
1388430
1370880
1772720
1084048
895419
51296
1431959
808450
1600125
808450
791908
1693853
1168054
1535379
1010612
887203
1601669
828916
82811
1561627
1613859
25475
1401680
1567683
1716697
1634038
1011570
107141
1693415
107140
1073429
1507385
1610582
1616212
1606268
1082923
67887
1036188
1263793
1469372
1655020
1577368
1634407
1366292
887919
36340
1222840
946647
843761
1575828
949911
1212458
1439288
77159
1058416
1381531
743316
1610114
1361983
1540184
1006837
701985
1264383
60977
1474904
58696
1033905
1426945
880432
1767258
1557142
929351
1491419
876883
1006269
1583838
1337587
920760
1619954
896156
1049332
1336996
1803696
46619
896769
1761940
1434418
1060331
1166003
1267182
225648
1585957
43920
1637757
1750994
42872
1524472
1534120
874215
1293610
66382
812348
1318084
716006
70415
1019055
1345016
1670592
1722964
1509589
1274791
1280600
716133
1689662
1496707
899866
1636286
821127
1646228
1299939
109694
1098251
1067983
1560280
14693